Protein	Mean_Intersect	standard_deviation_intersect	mean_peaks	exp_count
5-hmC 0.28356696033767903875 0.230701 4137.12500000000000000000 8
5-mC 0.4457578660111985125 0.0606516 52724.00000000000000000000 8
8-Hydroxydeoxyguanosine 0.74402820329226487500 0.575958 7122.00000000000000000000 2
AATF 0.14454277286135694000 0 339.00000000000000000000 1
ADNP2 0.112640810125157000 0 799.00000000000000000000 1
AEBP2 1.77853181472410945714 2.87836 368.00000000000000000000 7
AFF1 0.6700265417684187107 0.558236 5090.85714285714285714285 28
AFF4 0.38063547899291377394 0.422721 3866.57894736842105263157 38
AGO1 0.63821076285575990333 0.327209 3519.00000000000000000000 9
AGO2 0.55650676627685156142 0.457739 5278.85714285714285714285 7
AHCTF1 0.00317460317460317460 0 630.00000000000000000000 1
AHR 0.33927737369481527157 0.276947 5415.15789473684210526315 19
AHRR 0.40842563291139241500 0.0603244 1189.00000000000000000000 2
ALKBH1 0.27528123315519602142 0.0606047 750.14285714285714285714 7
ALKBH3 0.14565387627251370000 0 1277.00000000000000000000 1
ALYREF 0.35094976504070420000 0.0406049 536.00000000000000000000 2
AML1-ETO 0.3816316744439155666 0.221143 12427.86666666666666666666 15
APC 0.19771022839400042500 0.140266 7376.84210526315789473684 19
AR 0.39096384521323178849 0.518446 11061.85615650172612197928 1738
ARID1A 0.57741215383125182558 0.633642 9421.12500000000000000000 160
ARID1B 0.8078912443374105123 0.713245 19347.02380952380952380952 42
ARID2 0.71404107580665213884 0.812158 3367.51923076923076923076 52
ARID3A 0.08423441855838285333 0.0138074 14326.00000000000000000000 3
ARID3B 0.0890347824118493333 0.0365172 583.66666666666666666666 3
ARID4B 0.45355265517043354500 0.331526 2842.50000000000000000000 2
ARID5B 0.2198675496688742000 0 1812.00000000000000000000 1
ARNT2 0.72232472324723250000 0 1084.00000000000000000000 1
ARNTL2 0.02832618025751073000 0 1165.00000000000000000000 1
ARRB1 0.39131977885733583636 0.361888 25949.45454545454545454545 11
ASCL1 0.2081596171753642762 0.0931558 4571.25000000000000000000 16
ASF1A 0.2448448138919038000 0 4607.00000000000000000000 1
ASH1L 0.13722943202683490025 0.103662 1251.00000000000000000000 4
ASH2L 0.12929891618979726000 0.000235483 9288.50000000000000000000 2
ASUN 0.7415756381074495000 0.575007 14546.50000000000000000000 2
ASXL1 0.43304408716692858155 0.385778 11036.66666666666666666666 9
ASXL2 0.76233649583470941111 0.37105 8231.55555555555555555555 9
ATF1 0.56667818284431059000 0.626414 18795.20000000000000000000 5
ATF2 0.38050533502596179500 0.324414 10006.25000000000000000000 8
ATF3 0.31133796106091765444 0.325031 20149.68750000000000000000 32
ATF4 0.22094430598304443215 0.170541 7201.15384615384615384615 26
ATF6 1.41614235950235940640 0.659218 5524.12000000000000000000 25
ATF7 0.26048374925430696000 0.124183 6919.00000000000000000000 3
ATF7IP 0.34826277887084473000 0.00407938 9907.50000000000000000000 2
ATOH1 0.14190641197462274666 0.0339475 12119.00000000000000000000 3
ATR 0.75478267781344024434 2.55054 8636.33587786259541984732 131
ATRX 0.44512721847869287776 0.379438 2655.57142857142857142857 42
ATXN7L3 0.34976032676673807250 0.377287 1978.66666666666666666666 6
AUTS2 0.52241539616366684666 0.581145 3435.33333333333333333333 3
BACH1 0.91135045727662873800 0.70059 4117.40000000000000000000 5
BACH2 0.21677215328663892200 0.0742294 3965.40000000000000000000 5
BANP 0.15031718942968544500 0.00582403 9610.50000000000000000000 2
BAP1 0.55706242417456531797 0.565367 6702.61904761904761904761 42
BARX1 0.37804409844711573000 0.235039 2187.00000000000000000000 2
BATF 0.1091250021119958241 0.0556551 15968.41666666666666666666 12
BATF3 0.07093212621217923816 0.0189222 21933.66666666666666666666 6
BBX 0.03846153846153846400 0 1092.00000000000000000000 1
BCL10 0.09725139663816031166 0.0123989 1872.66666666666666666666 6
BCL11A 0.73163438967729350518 1.38803 3799.36363636363636363636 11
BCL11B 0.43068562391461545000 0.105463 4244.33333333333333333333 6
BCL3 0.27235465649295624333 0.0534919 13337.00000000000000000000 3
BCL6 0.23548705029172457354 0.240569 9183.77142857142857142857 35
BCLAF1 0.28077804670210641500 0.068227 22237.00000000000000000000 2
BCOR 1.21660773253035910000 0.598632 22642.80000000000000000000 5
BDP1 0.08732603593238834857 0.0652089 1461.57142857142857142857 7
BHLHE40 0.23892438623164510333 0.087165 16886.16666666666666666666 6
BHLHE41 0.67045454545454540000 0 88.00000000000000000000 1
Biotin 0.2867258490805152157 0.299344 2674.97368421052631578947 38
BMI1 0.28871667439319317495 0.323188 3723.65217391304347826086 23
BPTF 0.35424244948255916333 0.0665723 4176.00000000000000000000 3
BRAF 0.14114271222584439875 0.18575 22330.25000000000000000000 8
BRCA1 0.48532962914068416483 0.343266 4687.10416666666666666666 48
BRCA2 0.46971845183837734100 0.324533 7356.60000000000000000000 10
BRD1 0.23610758886794839000 0.169993 2795.11111111111111111111 9
BRD2 0.66120090752338932394 0.538021 10439.21126760563380281690 71
BRD3 0.3317009852486114952 0.270044 2790.11904761904761904761 42
BRD4 0.55448830761438030526 0.428054 11164.43859649122807017543 456
BRD7 0.41935559519995782000 0.0813801 23115.60000000000000000000 5
BRD9 0.38242570056335570797 0.349307 11909.13636363636363636363 44
BrdU 0.39352054898391255750 0.292768 1684.58333333333333333333 24
BRF1 0.16225805753822368200 0.0948804 929.60000000000000000000 5
BRF2 0.1320407594728491500 0.0464404 1039.50000000000000000000 4
BRPF3 1.65757452990679040000 0.0382502 13326.33333333333333333333 3
C10orf12 0.64404788033442074825 0.729875 295.75000000000000000000 4
C17orf49 0.27708958025716247500 0.0884745 2356.00000000000000000000 2
C17orf96 0.78945479641131812500 0.256012 314.25000000000000000000 4
CAMTA1 0.46181748234453569550 0.455195 347.00000000000000000000 2
CARM1 0.46405202879189468444 0.337329 501.77777777777777777777 9
Cas9 0.28273919239342651432 0.32876 17894.37209302325581395348 86
CASP3 0. 0 23.00000000000000000000 3
CASP8AP2 0.19673932994875697000 0.0460253 1204.33333333333333333333 3
CBFA2T2 0.42976939203354300000 0 954.00000000000000000000 1
CBFA2T3 0.20930232558139536000 0 860.00000000000000000000 1
CBFB 0.6167394174998416400 0.410624 8875.30000000000000000000 10
CBX1 0.27077477455290641666 0.277659 622.33333333333333333333 3
CBX2 0.28286811417280691857 0.169466 615.71428571428571428571 7
CBX3 0.12944784497040854216 0.0792056 11322.75000000000000000000 12
CBX4 1.13693405675702402230 0.579745 926.61538461538461538461 13
CBX5 0.1229148603932477071 0.182837 743.85714285714285714285 7
CBX6 0.20354686704024452000 0.00222236 1535.00000000000000000000 2
CBX7 0.8736104151127527714 0.570307 2009.57142857142857142857 14
CBX8 0.25250303064727399375 0.177074 5308.12500000000000000000 8
CCAR2 0.28835941652135337500 0.0149581 1594.50000000000000000000 2
CCND2 0.43194927374150213500 0.199208 5745.00000000000000000000 2
CCNT1 0.55346898625669469833 0.0496095 331.16666666666666666666 6
CCNT2 0.85349865338685900000 0 19679.00000000000000000000 1
CD74 0.4947653800372110380 0.557578 3837.10000000000000000000 20
CDC5L 0.13580246913580246000 0 729.00000000000000000000 1
CDC73 0.4174332192728867000 0 2283.00000000000000000000 1
CDK12 0.35346819234171731857 0.183815 1548.85714285714285714285 7
CDK2 0.28800923656560405333 0.119978 997.00000000000000000000 3
CDK6 0.26556114539951228000 0.0803152 3174.50000000000000000000 2
CDK7 0.45846268499724262857 0.216029 8276.57142857142857142857 7
CDK8 0.40386396498164446000 0.313549 18324.46428571428571428571 28
CDK9 0.48592557662702003261 0.354908 9799.45238095238095238095 42
CDKN1B 0.68539874362551456272 0.317017 29054.36363636363636363636 11
CDX1 0.05494505494505494400 0 637.00000000000000000000 1
CDX2 0.15078232933474945900 0.193317 30428.50000000000000000000 10
CEBPA 0.17965009925199130073 0.212122 27523.01886792452830188679 53
CEBPB 0.11090943110287562906 0.0698724 37418.24096385542168674698 83
CEBPD 0.2554676290118662333 0.160415 17231.33333333333333333333 3
CEBPZ 0.18910946353317373500 0.00469673 1411.50000000000000000000 2
CENPA 0.20242009791402554352 0.15515 959.19047619047619047619 21
CHAF1A 0.24292840564361314714 0.0799989 2270.00000000000000000000 7
CHAT 0.07251343967022711000 0.00908016 7059.50000000000000000000 2
CHD1 0.36217285786181867741 0.34441 6986.80487804878048780487 41
CHD2 0.44588468856190936600 0.0614123 16484.80000000000000000000 5
CHD3 0.14970059880239520000 0 1503.00000000000000000000 1
CHD4 0.35068168338759200315 0.170509 1882.42105263157894736842 19
CHD7 0.1875192111800508125 0.0555883 8697.62500000000000000000 16
CHD8 0.29056687627887255857 0.355935 42253.28571428571428571428 7
CIITA 0.14238627047869643200 0.0410245 955.60000000000000000000 5
CLOCK 1.07633635344392791888 0.411435 1465.00000000000000000000 9
CNOT3 1.08670711993887546666 0.716281 28249.66666666666666666666 3
COBLL1 0.13699992434295905250 0.0467123 8571.50000000000000000000 4
CPSF3 0.59440966596809132400 0.373094 5007.60000000000000000000 15
CPSF3L 0.46706065290777659636 0.339579 6142.63636363636363636363 11
CREB1 0.55380458991807214277 0.370088 22428.11111111111111111111 36
CREB3L1 0. 0 56.00000000000000000000 1
CREB5 0.04504194589948052000 0.00822928 8699.50000000000000000000 4
CREBBP 0.45471566673170960720 0.753983 5795.08823529411764705882 34
CREBL2 0.16058394160583941000 0 137.00000000000000000000 1
CRTC2 1.79644267798831875000 0.0795988 25838.00000000000000000000 2
CRY1 0.3541937680020950000 0 3819.00000000000000000000 1
CSE1L 1.03134490503689520000 0.257518 173.25000000000000000000 4
CSNK2A1 1.12530864197530870000 0 3240.00000000000000000000 1
CSTF3 0.29953971520747580500 0.190629 558.00000000000000000000 2
CTBP1 0.13318515762528410625 0.027658 5085.50000000000000000000 8
CTBP2 0.2158721835958644320 0.221367 4318.80000000000000000000 5
CTCF 0.26132929689680532504 0.158079 33053.63540445486518171160 853
CTCFL 0.25631468946231224240 0.240699 10422.52000000000000000000 25
CTNNB1 0.33525210610437410714 0.235771 2346.28571428571428571428 28
CTR9 0.11889596602972399000 0 942.00000000000000000000 1
CUL4A 0.43989435932834140000 0 66641.00000000000000000000 1
CUX1 0.18042589396365688666 0.0509112 2253.33333333333333333333 9
CXXC1 0.90007539100483408000 0.703576 9258.20000000000000000000 5
DAXX 0.09234310977762367852 0.057667 20374.47058823529411764705 17
DCP1A 0.68208444600220468000 0.151619 2148.60000000000000000000 5
DDIT3 0.1473597917026196000 0.0825542 13408.50000000000000000000 2
DDX11 0.02951848564182932350 0.000382962 1142.75000000000000000000 4
DDX5 0.12710641776847939600 0.0883599 266896.66666666666666666666 3
DEAF1 1.42857142857142860000 0 21.00000000000000000000 1
DICER1 0.61607142857142860000 0 112.00000000000000000000 1
DMC1 0.8579052621731182000 0.288612 11392.80000000000000000000 5
DMRT2 0.16538789428815004000 0 1173.00000000000000000000 1
DNA2 0.05533055208705228400 0.0317127 1490.50000000000000000000 4
DNase-Seq 0.37228552227603727320 0.726508 67849.98132183908045977011 1392
DNMT1 0.18396994852607152666 0.17379 6358.46666666666666666666 15
DNMT3A 0.72637309820915442571 0.874237 9908.28571428571428571428 14
DNMT3B 0.22641643880345043100 0.225709 4735.80645161290322580645 31
DOT1L 0.41222937468066985792 0.535031 621.69230769230769230769 13
DPF2 0.29087424526911164692 0.148624 18451.76923076923076923076 13
DPPA3 0.58035714285714290000 0 448.00000000000000000000 1
DR1 0.99150277886824270000 0.0661556 30856.00000000000000000000 2
DRAP1 0.11131373332052727500 0.0521152 3792.00000000000000000000 2
DTL 0.35250598976882730000 0 61772.00000000000000000000 1
DUX4 0.21618055216856252875 0.200545 33999.37500000000000000000 8
DYRK1A 0.14306661105162773666 0.0601784 1166.33333333333333333333 3
E2F1 0.71458467493244756916 0.349978 11701.04166666666666666666 48
E2F3 0.56739839251327547666 0.323566 6230.00000000000000000000 3
E2F4 0.42600711758921788272 0.223434 4917.00000000000000000000 11
E2F6 0.5811180764301253333 0.0748921 22707.16666666666666666666 6
E2F7 0.35444158715075494000 0.20496 3830.83333333333333333333 6
EBF1 0.23182719656172949100 0.120901 16698.00000000000000000000 10
EBF3 0.10406997615851293583 0.0751125 11096.66666666666666666666 6
EBNA1 0.3070008175998517437 0.407642 1211.25000000000000000000 8
EBNA2 0.21282677105763432000 0.0487502 7315.00000000000000000000 4
EBNA3 0.34040361502489885000 0.235429 4690.33333333333333333333 6
EBV-ZEBRA 0.07644046252570516320 0.0331132 7932.40000000000000000000 5
EED 0.36027692412830696000 0.29178 4660.18181818181818181818 11
EGFR 0.53574329953029389831 0.552049 6879.52631578947368421052 38
EGR1 0.7256435306281129833 0.370221 9209.33333333333333333333 24
EGR2 0.39562877741920352800 0.286104 13690.80000000000000000000 5
EHF 0.2314694094642636000 0.157746 9758.66666666666666666666 9
EHMT2 0.37695208604081769142 0.442326 3610.14285714285714285714 14
ELF1 0.48179493090532458454 0.33131 20101.13636363636363636363 22
ELF3 0.55050269883234184272 0.310548 34150.36363636363636363636 11
ELF4 0.12934027777777780000 0 1152.00000000000000000000 1
ELK1 0.38778427231895489500 0.0896095 3199.33333333333333333333 6
ELK3 0.55305316925934520000 0 4307.00000000000000000000 1
ELK4 0.31443859365113788285 0.148547 2044.57142857142857142857 7
ELL 0.4322653231483611884 0.518527 10649.48000000000000000000 150
ELL2 0.50539658770202184021 0.553609 5370.07142857142857142857 28
EN1 0.38457046076559774608 0.456656 12036.20833333333333333333 48
EOMES 0.2698615367480873114 0.322657 13242.85714285714285714285 7
EP300 0.33704286175447726806 0.435787 10387.57142857142857142857 210
EP400 0.6357243234187142076 0.646994 4417.38461538461538461538 13
EPAS1 0.42208810767662427985 0.39865 1619.60000000000000000000 35
EPCAM 0.09668325957343099000 0.0257292 1140.50000000000000000000 4
EPOP 1.9389545164721080000 0.66778 6826.28571428571428571428 7
ERCC2 0.20858055682336832000 0 2191.00000000000000000000 1
ERCC3 0.18079096045197740000 0 3363.00000000000000000000 1
ERCC6 0.17008798620924079000 0.0364736 2443.00000000000000000000 6
ERCC8 0.17874464176362523000 0.0178751 5027.50000000000000000000 2
ERG 0.54073751554643062420 0.678107 18551.29268292682926829268 123
ESR1 0.32389427472945361584 0.490743 14092.89795918367346938775 833
ESR2 0.14548466033762731000 0.00601767 7672.50000000000000000000 2
ESRRA 0.21870302486533648000 0.0460863 8276.50000000000000000000 6
ETS1 0.44313646943048110220 0.243399 10946.43750000000000000000 48
ETS2 0.24954493492428892000 0.116104 7175.50000000000000000000 2
ETV1 0.30499342393778047921 0.339611 9836.78947368421052631578 19
ETV2 0.06915236177966781100 0.0427647 1997.00000000000000000000 2
ETV4 0.32992570260716973550 0.171449 2630.16666666666666666666 12
ETV5 0.57483124397299900000 0 10370.00000000000000000000 1
ETV6 0.2165742152788838666 0.0727889 5015.66666666666666666666 6
EVX1 1.78991596638655470000 0 119.00000000000000000000 1
EWSR1 0.28892544349251506166 0.352988 4427.83333333333333333333 6
EZH1 0.90913486728034531363 1.07301 5393.72727272727272727272 11
EZH2 0.54603772303570451203 0.543312 4031.94444444444444444444 180
F2RL1 0.0232783705140641700 0 1031.00000000000000000000 1
FAM208A 0.33447563788949520000 0.0869756 469.66666666666666666666 3
FANCD2 0.56335849208826513250 0.228938 662.75000000000000000000 4
FERD3L 0.11733046286329386000 0 929.00000000000000000000 1
FGFR1 1.70784257973275985000 0.343145 14685.50000000000000000000 2
FIP1L1 0.56222680978113687500 0.401591 4767.50000000000000000000 2
FLI1 0.55006924056993648483 0.597327 18421.26666666666666666666 60
FOS 0.3484754357907065561 0.52867 20825.45121951219512195121 82
FOSB 0.0872198262572365000 0.0251155 14911.66666666666666666666 3
FOSL1 0.20323600713634357235 0.105378 9642.94117647058823529411 17
FOSL2 0.38163663604065452687 0.376962 22179.56250000000000000000 16
FOXA1 0.10702917416648855668 0.11409 30608.13197969543147208121 394
FOXA2 0.28720441143398691871 0.511505 27662.46428571428571428571 84
FOXC1 0.20442708333333334000 0 768.00000000000000000000 1
FOXD3 0.00684931506849315000 0 292.00000000000000000000 1
FOXF1 0.33646750360897148545 0.398963 9578.09090909090909090909 11
FOXF2 0.04456521739130435000 0 920.00000000000000000000 1
FOXH1 0.09988978769077724500 0.0359646 17659.00000000000000000000 2
FOXJ2 0.06928406466512702000 0 866.00000000000000000000 1
FOXK1 0.2034622935451165000 0.119166 2931.50000000000000000000 4
FOXM1 0.25447537192319796113 0.198084 8423.82352941176470588235 34
FOXN3 0.23932207151912630000 0.110986 3868.50000000000000000000 4
FOXO1 0.3105607449393341781 0.270412 24038.06250000000000000000 16
FOXO4 0.15216562077027194075 0.145189 687.50000000000000000000 2
FOXP1 0.28539572769808243045 0.455309 14201.45454545454545454545 22
FOXP2 0.18812160832266089333 0.114586 7598.33333333333333333333 3
FOXP3 0.34959582224389408000 0.348279 7182.66666666666666666666 9
FOXQ1 0.06106870229007633300 0 786.00000000000000000000 1
FOXR2 0.10731561702641810000 0.0401296 856.00000000000000000000 2
FUS 0.72536127994042994833 0.517128 12477.75000000000000000000 12
FXR1 0.10791712030484485000 0.070492 774.00000000000000000000 2
FXR2 0.3403071172744720000 0 10420.00000000000000000000 1
GABPA 0.47435328602237796727 0.169486 11922.27272727272727272727 33
GATA1 0.359623155171784534 0.473515 17694.10638297872340425531 47
GATA2 0.22236452088808195460 0.320755 12250.87209302325581395348 86
GATA3 0.15937772208927171123 0.164425 12439.48062015503875968992 129
GATA4 0.18661153446027445943 0.207714 11178.54901960784313725490 51
GATA6 0.18066437404923575587 0.200142 13508.46341463414634146341 41
GATAD1 0.85278963104667505750 0.633338 3074.25000000000000000000 4
GATAD2A 0.42766202622772241111 0.24172 1913.00000000000000000000 9
GATAD2B 0.4021148659372049166 0.335124 2634.44444444444444444444 9
GFI1 0.3414731551164654875 0.19233 1980.00000000000000000000 16
GFI1B 0.36932133242477716692 0.188953 1562.84615384615384615384 13
GFP 0.40959091808883138349 0.460438 8553.56500000000000000000 600
GLI2 0.86756069853388785000 0.0330241 6383.50000000000000000000 2
GLTSCR1 0.25941321585072317250 0.0391841 5569.50000000000000000000 8
GLYR1 0.33742354064706523357 0.265396 969.42857142857142857142 14
GMEB2 1.03570083736243790000 0.000186819 4221.50000000000000000000 2
GPS2 0.4529230600109992000 0.0191663 902.50000000000000000000 2
GREB1 0.15694025374276444000 0.0628168 2871.85714285714285714285 7
GRHL1 0.28967346544554274000 0.138605 4299.00000000000000000000 3
GRHL2 0.38090599164583203825 0.45604 17789.25925925925925925925 54
GRHL3 0.76849535155076677500 0.661045 31731.40000000000000000000 10
GTF2B 0.45441673610820790500 0.368631 3506.37500000000000000000 8
GTF2F1 0.31210650203326373400 0.251722 8784.00000000000000000000 5
GTF2I 0.44323223805094255266 0.387382 8289.86666666666666666666 15
GTF3C1 0.89647654178259674900 1.20985 5940.71428571428571428571 7
GTF3C2 0.15650958473344150427 0.140748 8578.18181818181818181818 11
GTF3C5 0.12451119061485981000 0.00711374 4494.50000000000000000000 2
GUCY1B3 0.28606356968215160000 0 1227.00000000000000000000 1
GZF1 1.45614035087719300000 0 114.00000000000000000000 1
H1.0 0.67605402920697981549 0.710944 14451.05882352941176470588 51
H1.2 0.14337513359412075285 0.149381 2315.00000000000000000000 7
H1.4 0.30856246662118355950 0.304825 16890.43750000000000000000 16
H1.4K34ac 0.16807511737089200000 0 4260.00000000000000000000 1
H1B 0.25027652393151967000 0.0401997 1110.50000000000000000000 2
H1K85ac 0.21810089020771514000 0 674.00000000000000000000 1
H1t 0.32324198927069741500 0.0197332 527.00000000000000000000 2
H1.X 0.08757050841392558500 0.0171822 1649.00000000000000000000 2
H2 0.53665694245841699249 0.496647 9085.50188323917137476459 1062
H2A 0.53578081743744307847 0.514809 9359.38074398249452954048 457
H2AK119Ub 0.52565399410555492507 0.509279 2797.72727272727272727272 55
H2AK120Ub 0.71171127117386331343 0.293013 326.40625000000000000000 32
H2AK5ac 0.45376394382516710750 0.354408 2878.75000000000000000000 16
H2AK9ac 0.49357131897635734571 0.372122 2126.00000000000000000000 7
H2AT120ph 0.16671931764334229000 0.0640499 490.50000000000000000000 2
H2Aub 0.19715569213580739214 0.149086 4395.57142857142857142857 7
H2A.X 0.30567735446180895075 0.327761 3127.46067415730337078651 89
H2A.XS139ph 0.32767531142833654689 0.351749 3374.48000000000000000000 75
H2A.Z.1 0.31705871698057780800 0.269678 782.20000000000000000000 5
H2A.Z.2 0.03818223513224277350 0.0263339 381.50000000000000000000 2
H2A.Zac 0.90812571207702854166 0.796331 24202.66666666666666666666 12
H2A.ZK4K7K11ac 0.99637643751996573695 0.355853 25041.78260869565217391304 23
H2B 0.4411152569718191762 0.292225 4703.20903954802259887005 177
H2BK120ac 0.46633452050726169529 0.32137 7937.11764705882352941176 17
H2BK120ub1 0.54498703226782706133 0.195882 1250.33333333333333333333 15
H2BK15ac 0.36038279913699203375 0.281891 1236.25000000000000000000 16
H2BK20ac 0.21903871124579497000 0.140475 9010.42857142857142857142 7
H2BK5ac 0.46179362687900979560 0.26001 17475.56000000000000000000 25
H2BP1me1 0.27424474544077245000 0.015946 849.00000000000000000000 2
H2BS112GlcNAc 0.09805438215177064566 0.0636516 1197.16666666666666666666 6
H2Bub 0.57190357375141723369 0.291253 1295.16923076923076923076 65
H3.1 0.5597951391160891716 0.554518 10483.33333333333333333333 222
H3.3 0.3737608887167860461 0.396858 4187.43810548977395048439 929
H3.3B 0.65152915850395124238 0.538115 4502.92537313432835820895 67
H3ac 0.82182424400683696350 0.480206 16349.50649350649350649350 77
H3K122ac 0.54144571589857426000 0.386762 32506.14285714285714285714 14
H3K14ac 0.40322860621245760897 0.339248 8166.13888888888888888888 36
H3K14me3 0.76664952260378755000 0.171144 693.00000000000000000000 2
H3K18ac 0.86109221530471635189 0.5555 17075.03750000000000000000 80
H3K18cr 1.05628685455545509750 0.572251 5893.75000000000000000000 8
H3K23ac 0.46564435406414827269 0.522113 3262.07692307692307692307 39
H3K27ac 0.83683411249936287149 0.497248 25042.38782816229116945107 5028
H3K27me1 0.6489867903345156673 1.67088 1709.73333333333333333333 15
H3K27me2 0.39093374800547702007 0.321535 558.28571428571428571428 14
H3K27me3 0.53991449939813377293 0.599832 4550.40151515151515151515 2112
H3K36ac 0.60465118726467823600 0.352526 16712.00000000000000000000 10
H3K36me1 0.07251958129168684728 0.0281355 848.42857142857142857142 7
H3K36me2 0.2255077167127731303 0.31051 2200.04615384615384615384 65
H3K36me3 0.34150353718329670655 0.340551 3709.88765822784810126582 632
H3K4ac 0.54338169393489828000 0.39713 9406.41379310344827586206 29
H3K4me1 0.39591036707662148895 0.429292 26972.16258064516129032258 1550
H3K4me2 0.72218286864321632495 0.552554 33549.63385826771653543307 508
H3K4me3 1.26934802516728675022 0.752989 20988.34640522875816993464 3366
H3K4ox 0.33318232779650430500 0.00843688 33634.00000000000000000000 2
H3K56ac 0.7421963900518204954 0.635622 21574.04545454545454545454 22
H3K5ac 0.90334023727043480000 0.0649982 30668.50000000000000000000 2
H3K79me1 0.54968660791670496230 0.630365 1985.86956521739130434782 23
H3K79me2 0.65325981148195573369 0.437228 5646.23045267489711934156 243
H3K79me3 0.72536052741518160033 0.547923 4383.08888888888888888888 45
H3K79suc 0.08725415085675616500 0.0711672 2049.50000000000000000000 2
H3K9ac 1.00812280996605756350 0.633546 16554.55437665782493368700 377
H3K9K14ac 0.87365543197763848211 0.683112 18319.21153846153846153846 52
H3K9K14K18K23K27ac 1.1246323881220295000 0.245499 5216.00000000000000000000 4
H3K9me1 0.24764529891942416736 0.23198 826.44000000000000000000 25
H3K9me2 0.23177875480518500684 0.181277 1973.16279069767441860465 172
H3K9me3 0.25124573549177328310 0.285419 6533.68301886792452830188 795
H3R17me2 0.08466802872564730400 0.0787127 1053.00000000000000000000 3
H3R26cit 0.1578245551205657000 0.0628602 12128.00000000000000000000 8
H3R2me2 0.21183894598048097375 0.0729952 1411.18750000000000000000 16
H3R8me2 0.18589743589743590500 0.0474359 205.00000000000000000000 2
H3T11ph 0.13360350737559460333 0.0738473 951.66666666666666666666 3
H3T45ph 0.40257656562004388500 0.000478664 854.50000000000000000000 2
H3.Y 0.17463300862692117500 0.0117442 20213.50000000000000000000 2
H4 0.46335402507061946203 0.501231 10355.00000000000000000000 478
H4ac 0.52319260443164877090 0.356493 21186.95454545454545454545 22
H4K12ac 0.52595993437771156047 0.403845 18942.42500000000000000000 40
H4K16ac 0.31436797782494376191 0.33399 4611.41379310344827586206 58
H4K20me1 0.63918350443009908297 0.859422 1081.52702702702702702702 74
H4K20me2 0.25508188642303209000 0.224925 1977.00000000000000000000 8
H4K20me3 0.4905898296476180951 0.479409 2039.84313725490196078431 51
H4K4me3 1.57729665336879440000 0.206037 21422.00000000000000000000 2
H4K5ac 0.59131987571935525710 0.419881 15059.43243243243243243243 37
H4K5K8ac 1.13719426994121371000 0.217646 29363.10000000000000000000 10
H4K5K8K12K16ac 0.81643331402024002500 0.103873 19171.50000000000000000000 4
H4K5K8K16ac 0.39339339339339340000 0 21645.00000000000000000000 1
H4K8ac 0.5965206197473035189 0.415468 14166.02702702702702702702 37
H4K91ac 0.32508932883208208950 0.196091 9412.20000000000000000000 10
H4R3me2 0.25515960747406623714 0.20952 316.85714285714285714285 7
HAND1 0.43780942820356027750 0.487047 2783.00000000000000000000 4
HAND2 0.19602775066444836666 0.0604116 38139.66666666666666666666 3
HAT1 0.60657831184114749909 0.431196 8087.18181818181818181818 11
HBZ 0.17750922348978336000 0.0739494 1011.50000000000000000000 2
HCFC1 0.61866287739502820833 0.314328 9504.00000000000000000000 6
HDAC1 0.74615688748184572393 0.586803 8890.48484848484848484848 33
HDAC2 0.89058811256914689973 0.850553 5595.07142857142857142857 42
HDAC3 0.25073622676942248850 0.186019 5064.25000000000000000000 8
HDAC4 0.15969379734379821000 0.0399755 2771.50000000000000000000 2
HDAC6 0.24237262778898696714 0.0888675 1194.28571428571428571428 7
HDAC8 0.16144384779760717500 0.00398991 1340.50000000000000000000 2
HDAC9 0.12235294117647060000 0 1275.00000000000000000000 1
HDGF2 0.03276938576173235500 0.0154441 988.33333333333333333333 3
HECTD1 0.08965691155178936000 0.00188262 998.50000000000000000000 2
HES4 0.23402020628161351000 0.0029971 830.00000000000000000000 2
HES5 0.54545454545454540000 0 77.00000000000000000000 1
HES7 1.12121212121212100000 0 66.00000000000000000000 1
HESX1 0.16867469879518070000 0 581.00000000000000000000 1
HEXIM1 0.47885507185474886777 0.319464 9497.66666666666666666666 9
HEY1 0.81354467074568002500 0.434343 15532.25000000000000000000 4
HEY2 0.42881646655231560000 0 583.00000000000000000000 1
HEYL 1.47379912663755450000 0 458.00000000000000000000 1
HHEX 0.21546961325966850000 0 1086.00000000000000000000 1
HIC1 0.36416874177566916500 0.0153729 9915.50000000000000000000 2
HIC2 0.133037694133037700 0 451.00000000000000000000 1
HIF1A 0.37249893330602395911 0.325228 5468.56603773584905660377 53
HINFP 0.24206395044763984666 0.0903122 1317.66666666666666666666 3
HIRA 0.19049034686315717718 0.157475 15621.09375000000000000000 32
HIVEP3 0.17191283292978207000 0 826.00000000000000000000 1
HJURP 0.10613480389568522470 0.0773116 29977.70000000000000000000 10
HMBOX1 0.3518422612930685000 0.0241795 1410.00000000000000000000 2
HMGA1 0.38636338656880524650 0.565994 7292.88888888888888888888 18
HMGB1 1.10845275316746365000 0.21868 13086.50000000000000000000 2
HMGB2 0.58716509237408090920 0.451835 4352.60000000000000000000 5
HMGN1 0.21706864564007422000 0 1617.00000000000000000000 1
HMGN3 0.89170949167234230000 0 16151.00000000000000000000 1
HNF1A 0.11417326562200233500 0.0507048 3049.37500000000000000000 8
HNF1B 0.50030473154746022400 0.4488 14450.40000000000000000000 15
HNF4A 0.3112109863274743456 0.265329 8885.80000000000000000000 25
HNF4G 0.15934558365623049441 0.184918 31588.25000000000000000000 12
HNRNPC 1.13717929468634415000 0.482924 7638.50000000000000000000 2
HNRNPH1 0.34621558339535035500 0.239958 1465.00000000000000000000 2
HNRNPK 0.77055152553380091875 0.587447 4770.00000000000000000000 8
HNRNPL 0.68861906329900941333 0.328876 10074.33333333333333333333 6
HNRNPLL 0.93400941436891745000 0.196187 17395.50000000000000000000 2
HNRNPUL1 0.39371513987066805000 0.133406 3292.50000000000000000000 2
HOXA11 0.1681996611641712000 0.0274979 1554.33333333333333333333 3
HOXA13 0.20361606199504984250 0.0197038 1850.50000000000000000000 4
HOXA4 1.05185521388857370000 0 17626.00000000000000000000 1
HOXA5 1.08737864077669900000 0 206.00000000000000000000 1
HOXA6 1.12297734627831720000 0 13287.00000000000000000000 1
HOXA9 0.23287257715599933428 0.331464 1232.14285714285714285714 7
HOXB13 0.04731872661565041360 0.0462964 26406.45454545454545454545 33
HOXB2 0.18845700824499412000 0 849.00000000000000000000 1
HOXB4 0.29060773480662980000 0 905.00000000000000000000 1
HOXB5 0.17919799498746866000 0 798.00000000000000000000 1
HOXB6 0.04604604604604605000 0 999.00000000000000000000 1
HOXB7 0.16613559388735314900 0.100755 800.40000000000000000000 5
HOXB8 0.15752435849395986600 0.154381 12675.60000000000000000000 5
HOXC11 1.09865999055925651333 0.696114 514.33333333333333333333 3
HOXC13 0.19762845849802370000 0 1012.00000000000000000000 1
HOXC5 0.23775848113779913000 0.0743003 13860.00000000000000000000 3
HOXC8 1.22910216718266250000 0 323.00000000000000000000 1
HOXC9 0.04098060714803417200 0.0016535 18879.00000000000000000000 2
HOXD11 0.25024794685731818500 0.0259078 752.00000000000000000000 2
HOXD13 0.14494518879415347000 0 821.00000000000000000000 1
HOXD4 0.21571906354515050000 0 598.00000000000000000000 1
HOXD9 0.11720698254364090000 0 802.00000000000000000000 1
HSF1 0.34885088182174180890 0.30274 2022.41860465116279069767 86
HSP90B1 0.61038961038961040000 0 462.00000000000000000000 1
ICE1 0.53681818389367924000 0.249458 14266.60000000000000000000 5
ICE2 0.11547525530243519000 0 1273.00000000000000000000 1
ID1 0.60957215597096838630 0.649605 11296.17874396135265700483 207
ID2 0.68048684389760553250 0.792399 3215.14285714285714285714 56
ID3 0.2514108612938619428 0.404408 6425.57142857142857142857 7
ID4 0.46149673984254997600 0.348022 5262.30000000000000000000 10
IGF1 1.88000000000000000000 0 100.00000000000000000000 1
IKZF1 0.37913845122980634846 0.271262 13936.46153846153846153846 13
IKZF3 0.46084400587864793000 0 23815.00000000000000000000 1
IKZF5 0.03046594982078853000 0 558.00000000000000000000 1
ILF3 0.68488060009634580000 0 14531.00000000000000000000 1
ING2 0.2215929488047091500 0.0917157 16606.25000000000000000000 4
ING5 0.36757612300271330000 0 26536.00000000000000000000 1
INO80 0.35323255399656544909 0.450943 2096.36363636363636363636 11
INSR 0.1138491162114208333 0.0406672 1916.50000000000000000000 6
INTS12 0.64365070810269226666 0.382507 9143.66666666666666666666 3
INTS13 0.74859358239158889411 0.37584 11896.00000000000000000000 17
INTS3 0.90400904988355550000 0.421462 10796.00000000000000000000 5
IRF1 0.32985469193615937105 0.238908 9139.21052631578947368421 19
IRF2 0.19141857804379165000 0.0109589 1548.85714285714285714285 7
IRF2BP2 0.19206562124219609750 0.00683436 1159.00000000000000000000 4
IRF3 0.41200711223928669928 0.423217 939.92857142857142857142 14
IRF4 0.40598800541525189600 0.650032 10437.50000000000000000000 20
IRF5 0.48164007261635304625 0.360109 1349.87500000000000000000 8
IRF8 0.10651854072705919800 0.0815029 3642.00000000000000000000 3
IRF9 0.09997171939180502000 0.0464681 811.00000000000000000000 3
IRX2 1.74626865671641780000 0 201.00000000000000000000 1
IRX5 1.89705882352941170000 0 68.00000000000000000000 1
ISL1 0.25053555691931494785 0.332428 6846.00000000000000000000 7
ISL2 0.105821058210581000 0 1134.00000000000000000000 1
JARID2 1.39757008164832148500 0.897999 3018.94444444444444444444 18
JAZF1 1.19576719576719580000 0 189.00000000000000000000 1
JDP2 0.37459761050394163000 0.200292 2467.00000000000000000000 2
JMJD1C 0.18865426936761314500 0.0661344 26660.00000000000000000000 4
JMJD6 0.31494740860775681571 0.271271 3926.14285714285714285714 21
JUN 0.46430825266762349434 0.676182 17385.65765765765765765765 111
JUNB 0.9107165452547264038 1.11394 10899.92307692307692307692 13
JUND 0.43225767616861771944 0.684768 17908.17647058823529411764 34
KAT2A 0.42332879008355628000 0.496949 5065.00000000000000000000 11
KAT2B 0.12867181381908248500 0.0360053 1250.00000000000000000000 4
KAT5 0.39894968319794357500 0.217765 1608.50000000000000000000 2
KAT7 0.81826807514706810000 0 15809.00000000000000000000 1
KAT8 0.16996805111821087000 0 1565.00000000000000000000 1
KCMF1 0.22060766182298547000 0 757.00000000000000000000 1
KDM1A 0.20707716766155702079 0.191083 5493.18367346938775510204 49
KDM2B 0.78865353523928374474 0.676498 7513.57142857142857142857 35
KDM3A 0.41237213607731752538 0.43673 5289.38461538461538461538 13
KDM3B 0.1638455124134191000 0.00432809 3440.50000000000000000000 2
KDM4A 0.43146993681170572633 0.44563 14605.66666666666666666666 6
KDM4C 0.48045630763997184250 0.604878 4685.00000000000000000000 4
KDM5A 0.814068041154458055 0.833305 10140.72222222222222222222 18
KDM5B 0.7330801043387158315 0.583733 16004.92982456140350877192 57
KDM5C 0.43393131496966577521 0.364486 6306.17073170731707317073 41
KDM5D 0.17709261566873156000 0.000355456 5536.50000000000000000000 2
KDM6A 0.37917588199721299310 0.223111 9426.86206896551724137931 29
KDM6B 0.4321066518713160500 0.375197 9265.50000000000000000000 4
KLF11 0.66458497857668076666 0.260547 19014.00000000000000000000 6
KLF13 0.14021164021164020000 0 756.00000000000000000000 1
KLF15 1.04088573876282729200 0.626757 16052.70000000000000000000 10
KLF4 0.39503283592450314537 0.313802 11017.57407407407407407407 54
KLF5 0.6835586149438353064 0.464915 12935.06451612903225806451 31
KLF6 1.04919471597114574666 0.688465 3171.33333333333333333333 3
KMT2A 0.80653775349139502851 0.567989 7551.74468085106382978723 47
KMT2B 0.59421677888777243333 0.0388495 12761.66666666666666666666 3
KMT2C 0.37004143046284246975 0.287062 11482.97500000000000000000 40
KMT2D 0.61170097424157330215 0.49731 13629.46153846153846153846 39
L3MBTL2 0.48259587020648966500 0.349263 416.50000000000000000000 2
L3MBTL3 0.2720240653215470000 0 2327.00000000000000000000 1
LARP7 0.53404808238867780666 0.218569 25336.00000000000000000000 6
LCOR 0.39126984126984126000 0.319841 445.50000000000000000000 2
LCORL 0.39126984126984126000 0.319841 445.50000000000000000000 2
LDB1 0.27745058203426439400 0.149041 16585.60000000000000000000 5
LEF1 0.39489303644371326377 0.400694 1239.22222222222222222222 9
LEO1 0.62873852958149324666 0.313108 5230.66666666666666666666 6
LHX2 0.18387389556256895000 0.104843 6941.00000000000000000000 2
LHX4 0.55912863070539420000 0 964.00000000000000000000 1
LHX5 0.41144200626959250000 0 1276.00000000000000000000 1
LHX6 0.43617021276595747000 0 1222.00000000000000000000 1
LIN9 0.34830849798774959960 0.244878 3110.20000000000000000000 5
LMNA 0.19183146096657180955 0.132202 4544.83720930232558139534 43
LMNB1 0.19029621591105842162 0.154581 5390.96875000000000000000 32
LMO1 0.4234371187412424800 0.54395 5027.60000000000000000000 5
LMO2 0.21753584393384129166 0.106413 3927.33333333333333333333 6
LMTK3 0.21590571625696555000 0.0604212 1656.50000000000000000000 2
LRWD1 0.1178807947198676000 0 755.00000000000000000000 1
LYL1 0.16285750338479249187 0.124825 6414.50000000000000000000 8
macroH2A1.2 0.22275021691900693666 0.0514086 1009.50000000000000000000 6
macroH2A2 0.2397548107164896000 0.0889749 13319.50000000000000000000 2
MAF1 1.22623902713939564000 1.30158 3031.12500000000000000000 8
MAFB 0.29460647924356191000 0.109963 1671.00000000000000000000 3
MAFF 0.22263339866642362833 0.237834 30452.33333333333333333333 3
MAFG 0.42188805346700080000 0 1197.00000000000000000000 1
MAFK 0.12484222767772733418 0.096137 27158.45454545454545454545 11
MAML1 0.46165828507107710000 0.109192 804.50000000000000000000 2
MAML3 0.16714311305618278500 0.0609304 3066.50000000000000000000 4
MAP1LC3B 0.08391232056119026000 0.0284042 1369.00000000000000000000 2
MAP2K1 0.16472281805218974500 0.00702714 1329.25000000000000000000 4
MAPK1 0.27838535836691139200 0.178258 1087.70000000000000000000 10
MAPK14 0.48217937517220571500 0.0912179 715.25000000000000000000 4
MAX 0.5711290153511984925 0.397313 33580.80000000000000000000 40
MAZ 0.86349599232946950000 0.309867 23259.87500000000000000000 8
MBD2 0.54004870325779631981 0.549443 6546.81818181818181818181 11
MBD3 0.24721703206641231181 0.227373 6035.72727272727272727272 11
MBD3L2 0.34167893961708395000 0 1358.00000000000000000000 1
MBD4 0.11433756805807622000 0 14877.00000000000000000000 1
MCM2 0.60580648893119454866 0.588314 6315.66666666666666666666 3
MCM3 0.1363865123314595000 0 1987.00000000000000000000 1
MCRS1 0.69996183822913805000 0.104662 1915.50000000000000000000 2
MDM2 0.23176067846597426000 0.0239731 1303.75000000000000000000 4
MECOM 0.16521724863678962500 0.0110368 4291.75000000000000000000 4
MECP2 0.25321711443189889142 0.0971852 8844.00000000000000000000 21
MED12 0.57604829731648878818 0.333752 3467.18181818181818181818 11
MED16 0.08665880513851828050 0.0464336 859.00000000000000000000 8
MED25 0.1619592812206550800 0.0313159 1369.60000000000000000000 5
MED26 1.21550639768657274333 0.532979 11642.50000000000000000000 6
MEF2A 0.68466427979396150500 0.929009 11250.00000000000000000000 4
MEF2B 0.4368310318857141314 0.487059 8953.62857142857142857142 35
MEF2C 0.57073584274963524166 0.631247 12011.33333333333333333333 6
MEF2D 0.19051986919340075000 0.0694157 1027.00000000000000000000 2
MEIS1 0.23038729087744779066 0.218493 1449.50000000000000000000 6
MEN1 0.44984203409505650282 0.476341 3870.52173913043478260869 23
MEOX2 0.60402684563758390000 0 149.00000000000000000000 1
MEPCE 0.1555318363904716000 0.111383 350.00000000000000000000 3
MethylCap 0.17007095032986922145 0.15973 27024.27272727272727272727 11
METTL14 0.13222838545237568875 0.0507921 965.87500000000000000000 8
METTL3 0.31388079945904466800 0.27527 596.60000000000000000000 5
MGEA5 0.63537692408893560000 0 15202.00000000000000000000 1
MIF 0.24737444436873326250 0.0640213 1054.25000000000000000000 4
MITF 0.4707789113751323700 0.412489 7001.70000000000000000000 10
MIXL1 0.56605800214822770000 0 931.00000000000000000000 1
MLL-AF4 1.13428514545154984652 0.499749 6817.86956521739130434782 23
MLLT1 0.5925469144052603333 0.158974 2804.00000000000000000000 3
MLLT3 0.55255654509235756178 0.471764 2918.00000000000000000000 28
MLXIP 0.4317633407435410000 0.163132 13212.25000000000000000000 4
MORC2 0.47157857484855129833 0.530938 4283.55555555555555555555 36
MPHOSPH8 0.27877697941322970900 0.1525 456.60000000000000000000 10
MRE11A 0.26223050276275278000 0.00218668 1499.50000000000000000000 2
MSC 0.62622410604082249698 0.633595 13880.25196850393700787401 127
MTA1 0.52203602765621376366 0.381297 355.33333333333333333333 3
MTA2 0.29883407630259223933 0.196981 4893.00000000000000000000 6
MTA3 0.59196662326961210000 0.397281 17462.00000000000000000000 2
MTF1 0.55754475703324810000 0 782.00000000000000000000 1
MTF2 1.02554169292865687091 1.75195 879.91666666666666666666 12
MTHFD1 0.16625467073688278285 0.0334192 1348.85714285714285714285 14
MTOR 0.14648702913655647500 0.0225642 113039.00000000000000000000 2
MXD3 0.64421997755331080000 0 891.00000000000000000000 1
MXI1 0.46715927194696540625 0.294085 19515.75000000000000000000 8
MYB 0.34066843435649514078 0.290342 11460.00000000000000000000 46
MYBL1 1.68000000000000000000 0 225.00000000000000000000 1
MYBL2 0.24545027957699191858 0.198308 4712.66666666666666666666 12
MYC 0.4771289261101864730 0.517083 9382.37283236994219653179 346
MYCN 0.5335214313727134132 0.504167 9576.72413793103448275862 87
MYF5 0.28773973408636310000 0 16998.00000000000000000000 1
MYF6 0.51442786069651740000 0 1005.00000000000000000000 1
MYH11 0.55771244265087356500 0.513315 9252.33333333333333333333 6
MYNN 0.93449849390819586500 0.851708 839.50000000000000000000 2
MYOCD 1.28876769250746650000 0 38505.00000000000000000000 1
MYOD1 0.2235231082550793500 0.0376788 29455.50000000000000000000 10
MYOG 0.20690906729272836200 0.0469973 4269.00000000000000000000 5
NA 0.60596063113692410355 0.781684 10919.09714978775015160703 8245
NAB2 0.37341057940709548742 0.351643 4635.42857142857142857142 7
NANOG 0.20391008889542329962 0.298368 16218.59259259259259259259 27
NCAPG2 0.19040970851100491500 0.0184899 3209.00000000000000000000 2
NCAPH2 0.71698645253159267700 1.08302 4052.60000000000000000000 10
NCOA1 0.30804151799543552317 0.201474 2145.52941176470588235294 17
NCOA2 0.1534762170302241209 0.286222 1530.27272727272727272727 11
NCOA3 0.22938226352327300888 0.22517 4419.77777777777777777777 9
NCOA4 0.3737366242034911666 0.296658 923.33333333333333333333 3
NCOR1 0.33728331740731356375 0.146713 3487.25000000000000000000 8
NCOR2 0.34631748922548420000 0.18405 4648.50000000000000000000 4
NELFA 0.81541838926589084550 0.340153 7009.00000000000000000000 20
NELFE 0.88177691581481611192 0.530174 10911.96153846153846153846 26
NETO2 0.22366915324092090240 0.10611 17832.60000000000000000000 5
NEUROD1 0.26065337597277466000 0.120644 25824.06666666666666666666 15
NEUROD2 0.50898876404494390000 0 890.00000000000000000000 1
NFAT5 0.40718197620842758000 0.262254 1763.50000000000000000000 2
NFATC1 0.3601428719885304444 0.27373 7365.33333333333333333333 9
NFATC2 0.41426533257843859625 0.29927 2789.37500000000000000000 8
NFE2 1.51052291071717355280 3.98982 8498.88000000000000000000 25
NFE2L1 0.09109518935516889000 0 977.00000000000000000000 1
NFE2L2 1.39869139693785749111 4.3918 3922.44444444444444444444 18
NFE2L3 0.08562691131498470000 0 654.00000000000000000000 1
NFIB 0.12893127135224269500 0.0613916 1394.66666666666666666666 3
NFIC 0.29817677489535072800 0.201898 36124.40000000000000000000 5
NFKB1 0.29698347639239492000 0.165034 9592.11111111111111111111 9
NFKB2 0.20428368660524215000 0.0449674 11501.60000000000000000000 5
NFKBIA 1.1840490797546100000 0 326.00000000000000000000 1
NFYA 0.49783610676206422666 0.289548 6513.33333333333333333333 6
NFYB 0.36588138690366596600 0.0637972 10882.60000000000000000000 5
NFYC 0.7681720431075270000 0 4650.00000000000000000000 1
NHLH1 0.42809364548494980000 0 1196.00000000000000000000 1
NIPBL 0.41381602442797512852 0.328217 11996.29411764705882352941 34
NKX2-1 0.08469906969450663394 0.0575129 22345.55555555555555555555 18
NKX2-3 1.0341360544217670000 0 147.00000000000000000000 1
NKX2-5 0.13396157962956917250 0.0579129 3801.25000000000000000000 4
NKX2-8 0.38590686944824936666 0.168725 6481.33333333333333333333 3
NKX3-1 0.24942557858153387675 0.357286 9831.25000000000000000000 4
NKX6-1 0.58217592592592590000 0 864.00000000000000000000 1
NLRP2 0.35531771412760413333 0.0274463 825.00000000000000000000 3
NME2 0.02982577621302264666 0.00419516 54338.50000000000000000000 6
NONO 1.1411787971270310000 0.0825372 11698.50000000000000000000 2
NOS2 0.23950233281493002000 0 1286.00000000000000000000 1
NOTCH1 0.34866105328404341351 0.193973 4775.09677419354838709677 31
NOTCH3 0.53052281570716725666 0.598732 15995.33333333333333333333 6
NPAT 0.36435408654659535000 0.352752 2951.75000000000000000000 4
NPM1 0.79171530375250775600 0.814731 73558.66666666666666666666 15
NR1D1 1.7471911123595500000 0 178.00000000000000000000 1
NR1H2 0.18829575590263138833 0.0457719 8502.16666666666666666666 6
NR1H3 0.39596627820949077571 0.553204 18491.57142857142857142857 7
NR1H4 0.26974280836145140000 0.0153896 1295.00000000000000000000 2
NR1I2 0.16583747927031509000 0 603.00000000000000000000 1
NR2C2 0.2921661533088218176 0.138292 1701.88235294117647058823 17
NR2E3 1.70992366412213740000 0 131.00000000000000000000 1
NR2F1 0.35765882779509247400 0.107357 20723.00000000000000000000 5
NR2F2 0.71575364633323954500 0.749445 16939.83333333333333333333 18
NR2F6 0.40483619344773790000 0 1282.00000000000000000000 1
NR3C1 0.25731647355963459337 0.214676 9867.84482758620689655172 174
NR3C2 0.20952924588102567666 0.161237 1062.66666666666666666666 3
NR4A1 0.37177789267956264800 0.449284 10461.80000000000000000000 5
NR4A2 0.46696035242290750000 0 1135.00000000000000000000 1
NR5A1 0.19239379924529778000 0.00894561 2098.75000000000000000000 4
NR5A2 0.64142059978880992500 0.332866 818.75000000000000000000 4
NRF1 0.50666951217776723025 0.271623 5236.90000000000000000000 40
NUP153 0.06237623762376237600 0 1010.00000000000000000000 1
NUP214 0.06623447897372573000 0.0190368 363.00000000000000000000 2
NUP98 0.16749978878693127500 0.0457081 1494.30000000000000000000 10
NUTM1 0.5147015576323985000 0.0772002 480.50000000000000000000 2
NXF1 0.2619460131846614500 0.0516539 391.75000000000000000000 4
O-GlcNAc 1.13451195525963874391 0.525551 6297.60869565217391304347 23
OGT 0.96527138402138400000 0.202771 8777.50000000000000000000 2
OLIG2 0.79874728808358473727 0.465918 4106.27272727272727272727 11
ONECUT2 0.39448626906792724025 0.450545 22749.25000000000000000000 4
ORC1 0.39707655523637993000 0.341257 637.20000000000000000000 5
ORC2 0.46026839102693088289 0.519013 4370.47368421052631578947 38
OTX2 0.3331835907249929433 0.610058 31004.48484848484848484848 33
OVOL2 0.48297599149906464666 0.546728 428.33333333333333333333 3
PADI2 0.15689706244110795000 0.0715005 5998.50000000000000000000 2
PAF1 0.84660484206922936781 0.584509 9437.87500000000000000000 64
PALB2 1.31486880466472300000 0 343.00000000000000000000 1
Pan-acetyllysine 0.51434211212407200250 0.127662 9014.50000000000000000000 4
PARP1 0.30441306493072030555 0.542104 1217.66666666666666666666 9
PAX5 0.23734748782578887666 0.128552 9333.80000000000000000000 15
PAX6 0.29725878028319612800 0.238903 2208.40000000000000000000 5
PAX7 0.14905594366115265500 0.0729085 5407.00000000000000000000 2
PAX8 0.054959086414170516 0.00533792 596.16666666666666666666 6
PBX1 0.64184473067091188000 0.330186 16873.00000000000000000000 5
PBX2 0.25699745547073793000 0 786.00000000000000000000 1
PBX3 0.28399808220656805200 0.206759 25342.20000000000000000000 5
PBX4 0.06565884655304921000 0 126213.00000000000000000000 1
PBXIP1 1.26233407419524180000 0.0232368 12804.00000000000000000000 2
PCBP1 1.24062864157728080000 0.037637 10237.50000000000000000000 2
PCBP2 1.43835323747924745000 0.471011 2287.50000000000000000000 2
PCF11 0.93450421769157284588 0.8987 2558.23529411764705882352 17
PCGF1 1.37506297288768402676 4.50513 1039.34920634920634920634 63
PCGF2 1.28423062798115319740 4.70592 970.14000000000000000000 50
PCGF5 0.0417867435158514000 0 694.00000000000000000000 1
PCGF6 0.07720588235294118000 0 816.00000000000000000000 1
PDX1 0.28729971047732212666 0.30933 10739.58333333333333333333 12
pFM2 0.71440685084919230250 0.539326 1147.75000000000000000000 4
PGBD5 0.54120846279233715000 0.152304 356.33333333333333333333 3
PGR 0.21578278799396177954 0.300401 9509.66115702479338842975 121
PHC1 1.35766029338076713333 1.03202 326.16666666666666666666 6
PHF2 0.55946309532157683500 0.337929 2586.25000000000000000000 4
PHF6 0.55936675461741430000 0 379.00000000000000000000 1
PHF8 0.53354091697794812700 0.275116 8509.05000000000000000000 20
PHIP 0.4684515926788826666 0.383437 4479.77777777777777777777 9
PHOX2B 0.04068267036114272533 0.0128043 35129.33333333333333333333 3
PIAS1 0.07869732907880855071 0.0794995 28509.92857142857142857142 28
PIAS4 0.18765202296759133000 0.00517468 3063.00000000000000000000 2
PITX1 0.34259305067695706500 0.23212 1131.50000000000000000000 2
PITX3 0.25042367357580500000 0 23013.00000000000000000000 1
PLAG1 0.6369502584310725733 0.443101 7580.66666666666666666666 3
PML 0.28703642162310774071 0.139094 6194.21428571428571428571 14
POLR2A 1.15924888540904142800 0.470935 17161.70000000000000000000 10
POLR2B 0.44212861090940960900 0.250919 7288.80000000000000000000 10
POLR2G 1.10055259038394500000 0.229551 35935.50000000000000000000 2
POLR2M 0.47563236252726033333 0.103978 3150.00000000000000000000 3
POLR3A 0.33813906406676983750 0.0303326 1272.25000000000000000000 4
POLR3D 1.42510473340966845600 0.646533 15026.60000000000000000000 5
POLR3G 0.16480785235449530750 0.0499066 1316.75000000000000000000 4
POLR3GL 0.2479495268138813000 0 1585.00000000000000000000 1
POU2AF1 0.2483676184222481000 0.0336172 1926.33333333333333333333 3
POU2F1 0.23198036796427988031 0.227221 3589.37500000000000000000 16
POU2F2 0.20217623617879065500 0.0676526 11517.12500000000000000000 8
POU2F3 0.26842965436955281675 0.344146 21008.75000000000000000000 4
POU3F2 0.28062521711931461833 0.128633 1434.83333333333333333333 6
POU5F1 0.54435166205302498566 0.776208 2933.74509803921568627450 51
PPARA 0.1486676168302945000 0 713.00000000000000000000 1
PPARG 0.24305762683845243230 0.254534 8620.94230769230769230769 52
PPARGC1A 0.07814407814407814500 0.001221 646.50000000000000000000 2
PPP1R10 0.84593220338983050000 0.0340678 482.50000000000000000000 2
PRAME 0.33966406850367770000 0 9109.00000000000000000000 1
PRDM11 0.87893079252647555000 0.33737 2517.50000000000000000000 2
PRDM14 0.36492161560643385000 0.0678216 2812.66666666666666666666 3
PRDM4 0.44887118193891100000 0 753.00000000000000000000 1
PRKCQ 0.4131126032578733000 0.25433 1065.50000000000000000000 4
PRKDC 0.28648790223970094625 0.180421 1226.00000000000000000000 8
PRMT1 0.110424619814566750 0.025275 16014.50000000000000000000 4
PRMT3 0.6524076411352036666 0.0385569 161.00000000000000000000 3
PRMT5 0.40569080316271330000 0.177643 1381.50000000000000000000 2
PROX1 0.22966886656257033000 0.090479 9606.00000000000000000000 3
PRPF4 0.55332147499486900000 0.295875 4285.00000000000000000000 2
PSIP1 0.27154751521838862125 0.355916 4089.25000000000000000000 4
PSMB5 0.27578304048892280000 0 1309.00000000000000000000 1
PSMD1 0.30320000000000000000 0 2500.00000000000000000000 1
PTBP1 0.41129295878484471500 0.0719173 3589.00000000000000000000 2
PTEN 0.42610582359540397431 0.531786 2480.25263157894736842105 95
PYGO2 0.26344538448278055000 0.0311746 17081.00000000000000000000 2
RAD21 0.4121514186356978773 0.560468 28746.49689440993788819875 161
RAD51 1.38405263637817230857 0.967095 406.71428571428571428571 7
RAG1 0.1351472807251757600 0.133505 10097.80000000000000000000 5
RAG2 1.41119272472892620000 0 28590.00000000000000000000 1
RARA 0.3080022201048260992 0.289054 3445.27692307692307692307 65
RARB 0.20578441086344579000 0.0101689 553.50000000000000000000 2
RB1 0.4006669517791982000 0.377984 9649.45000000000000000000 40
RBBP5 0.69879490809672881666 0.155873 12758.11111111111111111111 9
RBBP7 0.77905369032726500000 0.00783001 31305.50000000000000000000 2
RBFOX2 1.50755796997689485000 0.0243367 28540.50000000000000000000 2
RBL1 0.18998850976669832000 0 20017.00000000000000000000 1
RBL2 0.22808082754639744400 0.146203 5252.00000000000000000000 5
RBM22 0.6688947512168090000 0.29457 15237.50000000000000000000 2
RBM25 0.68434970809060375357 0.336532 31049.92857142857142857142 14
RBM39 0.38642794745793568500 0.0849742 16736.50000000000000000000 2
RBP1 1.32407882174533143750 0.246922 15601.25000000000000000000 8
RBPJ 0.5218337917333681917 0.539186 7723.97560975609756097560 41
RCOR1 0.17041153810659717583 0.107183 11158.33333333333333333333 12
RCOR2 0.0863528117708436000 0.0148742 1039.50000000000000000000 2
REL 0.32585565736366295706 0.31933 6910.45021645021645021645 231
RELA 0.32444244292266436573 0.306551 6844.59545454545454545454 220
RELB 0.40357104439561634750 0.586884 7173.50000000000000000000 8
REST 0.2877461630235116979 0.166188 8229.27272727272727272727 99
RFX2 1.28856808617450943333 1.45362 1136.00000000000000000000 3
RFX5 0.34689051005538964777 0.356172 9063.55555555555555555555 9
RFX7 0.17840805123513268000 0 1093.00000000000000000000 1
RING1 1.40482245136920514543 4.12294 2768.36666666666666666666 60
RLF 0.21489161168708765000 0 1061.00000000000000000000 1
RNF2 1.156011632628508534 0.987992 4542.55737704918032786885 61
RORC 1.84356888972560550000 0.00845505 23364.50000000000000000000 2
RPA1 0.74250252328736503333 0.151934 460.33333333333333333333 3
RPA2 1.05659468775344695000 0.228128 209.00000000000000000000 2
RTA 0.7715374437999550500 0.538065 5351.75000000000000000000 4
RUNX1 0.40644638520436055492 0.304661 19455.00000000000000000000 130
RUNX1T1 0.66760808967935182416 0.283966 10221.66666666666666666666 12
RUNX2 0.36775519537423626166 0.124137 30637.33333333333333333333 6
RUNX3 0.22835752906458576000 0 100982.00000000000000000000 1
RUVBL1 0.33866624436904007666 0.0700486 865.33333333333333333333 3
RUVBL2 0.36263646663004670000 0.0152044 683.00000000000000000000 2
RXRA 0.35677724773473768434 0.275723 4753.95652173913043478260 23
RYBP 1.27207563331903212833 0.661836 3277.16666666666666666666 6
SAFB2 0.08707107843137255000 0.00667892 718.00000000000000000000 2
SAG 0.05419574592890328250 0.00206304 672.00000000000000000000 2
SALL3 0.58349356596992910000 0.0809347 3169.00000000000000000000 2
SALL4 0.3452121782192837525 0.293577 1110.25000000000000000000 4
SAP30 0.4814183941680773000 0.0868312 6099.20000000000000000000 5
SATB1 0.37212643391789754020 0.65998 13346.50000000000000000000 10
SCML2 0.2911141953367660350 0.339443 938.00000000000000000000 28
SETD1A 0.69428242257172729333 0.400665 4322.00000000000000000000 3
SETDB1 0.21451645393219527429 0.0931855 7211.88235294117647058823 17
SETX 0.09142260235007945000 0.0230015 2481.50000000000000000000 2
SF3B1 0.13316689907278682783 0.0987869 9052.58333333333333333333 12
SFMBT1 0.36986826331634320333 0.214047 437.66666666666666666666 3
SFPQ 0.15899389778635507700 0.0465426 25371.00000000000000000000 10
SIN3A 0.56081328006765206764 0.304111 16529.94117647058823529411 17
SIPA1 0.02042900919305413700 0 979.00000000000000000000 1
SIRT1 0.96170453859870482500 0.30167 4256.25000000000000000000 4
SIRT3 0.71245989328254033000 0.430587 477.00000000000000000000 4
SIRT6 0.36522904265651904824 0.316561 20679.64000000000000000000 25
SIRT7 0.3049916762461193000 0.0115364 400.00000000000000000000 2
SIX1 0.20713966544355266800 0.00899118 1902.20000000000000000000 5
SIX2 0.20279683111791661625 0.120063 19220.75000000000000000000 8
SIX5 0.32608384644312934200 0.040985 4931.40000000000000000000 5
SKI 0.2046430033702219816 0.152359 13100.83333333333333333333 6
SKP2 0.39382922698941836500 0.0629449 67665.50000000000000000000 2
SLBP 0.42809358992366087500 0.164822 313.00000000000000000000 4
SMAD1 0.38186655147937300529 0.262197 7098.44117647058823529411 34
SMAD2 0.42636974864918502861 0.363373 6803.13888888888888888888 36
SMAD3 0.62112552047369333741 0.649661 8340.64516129032258064516 31
SMAD4 0.63960967444288097727 1.06557 3945.18181818181818181818 11
SMAD5 0.25106382978723400000 0 235.00000000000000000000 1
SMARCA1 0.11507692307692308000 0 1625.00000000000000000000 1
SMARCA2 0.57820855506264444000 0.720702 4516.96666666666666666666 30
SMARCA4 0.5277713377553262738 0.500589 14769.31216931216931216931 189
SMARCA5 0.1301215066828675000 0 1646.00000000000000000000 1
SMARCB1 0.40794963812537771740 0.402176 13999.44067796610169491525 59
SMARCC1 0.41226902376818342277 0.35832 11513.22448979591836734693 49
SMARCC2 0.280914077570519000 0.0917982 1579.25000000000000000000 4
SMARCE1 0.64324738340945113250 0.59943 633.00000000000000000000 2
SMC1A 0.35738503047387248478 0.342364 25008.86956521739130434782 46
SMC3 0.25522989907895071913 0.236387 20642.83333333333333333333 36
SMC4 0.42413162705667273000 0 547.00000000000000000000 1
SMCHD1 0.2435069505092261666 0.023338 1270.00000000000000000000 3
SMN1 0.08120868744098206000 0 1059.00000000000000000000 1
SNAI1 0.10734398275449525580 0.106109 645.40000000000000000000 5
SNAI2 0.57906114596658254117 0.406993 16573.00000000000000000000 17
SNAPC1 0.17279192413800950000 0.0259142 1109.50000000000000000000 2
SNAPC2 0.29150375170631755666 0.0571772 999.66666666666666666666 3
SNAPC4 0.12827988443930473000 0.0164966 1003.33333333333333333333 3
SNAPC5 0.17903225806451614000 0 1240.00000000000000000000 1
SNRNP70 0.07535903784931022500 0.00505601 798.00000000000000000000 2
SOD1 0.26032736193848711000 0.149826 444.88888888888888888888 9
SON 0.49247462795719700000 0.0494694 568.50000000000000000000 2
SOX11 0.23649691985111260000 0.166864 695.50000000000000000000 2
SOX17 0.20944512480748100200 0.194176 20768.80000000000000000000 5
SOX21 0.41006705548566441000 0.0800247 581.00000000000000000000 4
SOX3 0.97116923931564525000 0.692074 1148.75000000000000000000 4
SOX8 0.19226769866175940666 0.038078 2503.33333333333333333333 3
SOX9 0.33635111766531249200 0.411728 2004.31250000000000000000 16
SP140 0.45531933253086994200 0.438119 2632.25000000000000000000 4
SP2 0.56480417595222570282 0.600657 4529.68253968253968253968 63
SP4 0.39256295832370024526 0.425922 4394.94736842105263157894 19
SPDEF 0.29619158816298316571 0.150667 675.85714285714285714285 7
SPI1 0.1588341471101084167 0.121515 48741.40789473684210526315 152
SPIN1 0.19379194630872484000 0 1192.00000000000000000000 1
SRCAP 1.04948934003968794666 0.687639 9546.33333333333333333333 9
SREBF1 0.25269528925531287500 0.176317 2388.25000000000000000000 4
SREBF2 0.69563399739758822090 0.628743 16359.54545454545454545454 11
SRF 0.3776181272768180041 0.350964 12047.83333333333333333333 24
SRPK1 0.19303328311628112500 0.105771 749.50000000000000000000 2
SRPK2 0.29112537764350453000 0.183875 471.00000000000000000000 2
SRSF1 0.62666274200830377000 0.174746 5055.50000000000000000000 2
SRSF3 0.64651598796497918500 0.158786 2512.50000000000000000000 2
SRSF4 0.56499149297128203500 0.0868553 1428.50000000000000000000 2
SRSF7 0.19936261630829643000 0.12466 921.00000000000000000000 2
SRSF9 0.05314997838717003850 0.0379697 911.00000000000000000000 2
SS18 0.57505625611073189407 0.680863 13228.44444444444444444444 27
SSRP1 0.4763810667941941416 0.422789 6500.91666666666666666666 12
STAG1 0.37731741964281920351 0.118692 31979.77777777777777777777 54
STAG2 0.267034411142897181 0.103922 20805.18181818181818181818 11
STAT1 0.58475745510204227818 0.789684 9316.71428571428571428571 49
STAT2 0.41145297222183021500 0.287745 2282.83333333333333333333 6
STAT3 0.22596254746495092746 0.305214 16301.05063291139240506329 79
STAT4 1.04650742145319651000 1.82863 859.80000000000000000000 10
STAT5 0.28333466993895436258 0.368269 3219.12903225806451612903 31
STAT5A 0.18464172089832327200 0.224307 3219.93333333333333333333 15
STAT5B 0.4561302044903996250 0.485037 3867.25000000000000000000 12
STAT6 0.62366055064859881000 0.548674 809.40000000000000000000 5
SUMO1 0.0924640534393034170 0.0787614 6795.90000000000000000000 20
SUMO2 0.20524598420459608590 0.105327 21984.61363636363636363636 44
SUPT16H 0.06650449839865902766 0.0425979 1067.33333333333333333333 3
SUPT20H 0.17966535312143509000 0.0483856 1136.25000000000000000000 4
SUPT5H 0.76263359453899732844 0.453678 5872.64444444444444444444 45
SUPT6H 0.92951277986412573333 0.226808 1908.83333333333333333333 6
SUZ12 0.96576267967827514745 0.814277 1937.74698795180722891566 83
SVIL 0.068320316120628133 0.0540358 1024.33333333333333333333 3
SVS-1 0.05181616928188550800 0.00257714 1156.00000000000000000000 2
T 0.52293431293272797560 0.853087 12605.71635716102772831340 15724
TAF1 0.52485187239620717761 0.19286 12813.19047619047619047619 21
TAF15 0.45623174969002472666 0.265537 4126.33333333333333333333 3
TAF2 0.22668518605709623000 0.0519218 993.50000000000000000000 2
TAF3 1.07605963168664130000 0 17105.00000000000000000000 1
TAF7 0.32891400931828893000 0.0689096 10991.50000000000000000000 2
TAL1 0.39158859141577896817 0.579642 9920.41176470588235294117 51
TARDBP 0.53517356807729828500 0.063319 7351.50000000000000000000 2
TAZ 0.72069396771284641080 0.601788 14867.00000000000000000000 25
TBL1XR1 0.19440064076707168000 0.0267477 13198.33333333333333333333 3
TBL1Y 0.57091328812581150000 0 6931.00000000000000000000 1
TBP 0.71667690274324715491 0.827741 7366.47826086956521739130 46
TBX21 0.2305710853067502666 0.0758338 38295.33333333333333333333 3
TBX5 0.18148888400649240750 0.12475 4507.87500000000000000000 8
TCEA2 0.5192201677383285000 0.131465 757.00000000000000000000 2
TCF12 0.41175873383136394529 0.362725 18549.82352941176470588235 17
TCF21 1.97919497821881241000 1.0574 22212.75000000000000000000 4
TCF3 0.4741082844513652285 0.270323 23239.28571428571428571428 21
TCF4 0.1816527506337711350 0.0575487 12420.40000000000000000000 20
TCF7 0.42635772481809820772 0.396159 6930.92727272727272727272 55
TCF7L1 0.26604519416866182250 0.140344 591.25000000000000000000 4
TCF7L2 0.29304912112467609513 0.282423 6370.16666666666666666666 36
TCFL5 0.04904632152588556000 0 1101.00000000000000000000 1
TDRD3 0.25479814692256786000 0 1511.00000000000000000000 1
TEAD1 0.67221424050926002242 0.636182 8087.57142857142857142857 28
TEAD4 0.17480000524970811071 0.0887432 12856.07142857142857142857 42
TERF1 1.54375172752165195680 1.52009 1080.60000000000000000000 5
TERF2 1.69276575548193765750 1.1241 518.25000000000000000000 4
TET1 0.39694338364246622200 0.257917 17458.00000000000000000000 3
TET2 0.51805767523952821252 0.560553 10471.45833333333333333333 48
TET3 0.59733526857591713750 0.212366 871.00000000000000000000 4
TFAM 0.47321335247324445471 0.683222 6943.57142857142857142857 7
TFAP2A 0.49959007922475008944 0.338824 21575.94444444444444444444 18
TFAP2C 0.3659975716612316969 0.352193 15947.27272727272727272727 33
TFAP4 0.32419645308804740666 0.140697 23248.00000000000000000000 6
TFCP2 0.26554306186883951000 0.122732 335.75000000000000000000 4
TFDP1 0.83062777443739006666 0.131679 7422.00000000000000000000 3
TFEB 0.1496840167385422500 0.013169 2876.00000000000000000000 2
THAP11 0.23523206751054854000 0 948.00000000000000000000 1
THAP4 0.1666666666666666600 0 840.00000000000000000000 1
THRA 0.47644349986108731375 0.0748922 304.50000000000000000000 8
TLE3 0.11613671677243000822 0.089224 19870.16666666666666666666 18
TLX1 0.07737954748921624500 0.00237955 6163.50000000000000000000 2
TOE1 0.14379084967320260000 0 612.00000000000000000000 1
TOP1 0.09549291393444213450 0.0759426 5625.75000000000000000000 8
TOP2A 0.06297779407494674250 0.0157423 1677.50000000000000000000 4
TOP2B 0.20671264987417989666 0.195556 1092.33333333333333333333 3
TP53 0.52844718798082908050 1.7423 4032.69587628865979381443 194
TP53BP1 0.78035466589243164818 0.468088 11114.54545454545454545454 11
TP63 0.17407515813376468879 0.174597 14141.76470588235294117647 68
TP73 0.11569298886692735166 0.0336392 10445.00000000000000000000 6
TRF2 0.37400760907598591000 0.464279 2184.25000000000000000000 16
TRIM24 1.60889964868108540083 2.45625 8222.91666666666666666666 12
TRIM25 1.17006130330670085500 0.535405 36430.83333333333333333333 6
TRIM28 0.27707495171075843935 0.290346 19156.54838709677419354838 31
TRP47 0.84372488230566080000 0 95799.00000000000000000000 1
TRPS1 0.2910704726462754227 0.22153 12023.63636363636363636363 22
TRRAP 0.34665956492153027200 0.157786 2740.40000000000000000000 5
TSC1 0.13962592431491952000 0 2299.00000000000000000000 1
TSHZ1 1.21212121212121200000 0 165.00000000000000000000 1
TTF2 0.30268360568266591500 0.163631 8763.00000000000000000000 4
TWIST1 0.23262738860304773250 0.0496507 12594.00000000000000000000 4
U2AF1 0.37233389914566081400 0.175802 3158.80000000000000000000 5
U2AF2 0.16578140231579448500 0.117606 1570.50000000000000000000 2
UBE2I 0.51891420610236748333 0.241718 17535.00000000000000000000 6
UBE3A 0.13408890321377113328 0.297686 844.92857142857142857142 14
UBP1 0.92957746478873240000 0 284.00000000000000000000 1
UBTF 0.28489742403638362260 0.167683 5962.40000000000000000000 5
Unclassified 0.47811432729076810322 0.717499 10180.27368421052631578947 8455
UPF1 0.4901736990898574050 0.47999 6647.25000000000000000000 4
USF1 0.29061338372171277083 0.0556381 22939.00000000000000000000 12
USF2 0.26159804266646043181 0.0787162 10560.09090909090909090909 11
USP22 0.58894034302032253226 0.645405 4380.19230769230769230769 52
USP7 0.54431752836660479916 0.546253 5904.79166666666666666666 24
VDR 0.25240343207852060639 0.212811 3153.33333333333333333333 51
VEZF1 0.19128192069051554000 0.0123166 4274.50000000000000000000 2
VRK1 0.28758147437499911500 0.10983 620.25000000000000000000 4
VSV-G 0.10763470931858070500 0.0538661 1348.00000000000000000000 2
WAPL 0.40579537064620926000 0.385853 23972.44444444444444444444 18
WDHD1 0.2150650718070761500 0.0308819 2028.00000000000000000000 6
WDR5 0.42049939187031026785 0.482031 3420.28571428571428571428 42
WHSC1 0.29156685474099938325 0.156497 880.00000000000000000000 4
WIZ 0.32307364804278470566 0.251251 51158.33333333333333333333 6
WRN 0.21649765210244146666 0.0537226 1588.66666666666666666666 3
WRNIP1 0.15066512434933488000 0 3458.00000000000000000000 1
WWTR1 0.2169623372341612666 0.080241 6699.00000000000000000000 3
XBP1 0.21856521944456920333 0.0708134 5959.33333333333333333333 6
XPO1 1.57999379969288554666 1.18659 209.00000000000000000000 6
XRCC4 0.18506231476988038480 0.0954403 1404.00000000000000000000 5
XRCC5 0.39218853177232199000 0.00329452 32685.00000000000000000000 2
XRN2 0.16924569920437688500 0.162835 899.50000000000000000000 2
YAP1 0.23372559008793756815 0.19653 11641.92105263157894736842 38
YBX1 0.18872987477638640000 0 1118.00000000000000000000 1
YEATS4 0.19896193771626297000 0 1156.00000000000000000000 1
YY1 0.54409869626176548428 0.332787 14114.46428571428571428571 56
YY2 0.33994252873563220000 0 3480.00000000000000000000 1
ZBTB10 0.96258992805755400000 0 1390.00000000000000000000 1
ZBTB16 0.18621033456096905200 0.116592 3480.60000000000000000000 5
ZBTB17 0.17678459952045044500 0.0910915 3446.58333333333333333333 12
ZBTB24 0.1185911465155965457 0.0683634 1500.14285714285714285714 7
ZBTB33 0.35908598214460683538 0.135957 4246.38461538461538461538 13
ZBTB39 0.08044806517311609000 0 982.00000000000000000000 1
ZBTB4 0.29523205051106140650 0.168142 20256.50000000000000000000 20
ZBTB44 0.13375876131388176500 0.0367528 916.00000000000000000000 2
ZBTB48 0.31561585421909545294 0.172006 23175.35294117647058823529 17
ZBTB7A 0.9929211607332964250 0.603307 14120.05000000000000000000 20
ZC3H11A 0.16777041942604856000 0 1812.00000000000000000000 1
ZC3H8 0.27415307402760350000 0 1594.00000000000000000000 1
ZEB1 0.37517455218802758822 0.296237 10880.88888888888888888888 9
ZEB2 0.06512210394489668000 0 1597.00000000000000000000 1
ZFHX4 0.48958333333333335000 0.0729167 656.00000000000000000000 2
ZFP42 0.4639265698816100660 0.453252 841.00000000000000000000 5
ZFP64 0.14873089995172887238 0.202832 9670.90476190476190476190 21
ZFX 1.04235728583466974571 0.542461 12562.00000000000000000000 14
ZHX2 0.37785695863297937333 0.397825 16903.00000000000000000000 3
ZIC2 0.33215947411835084666 0.190299 2301.16666666666666666666 6
ZIC5 0.3592730400751315666 0.2234 2799.22222222222222222222 9
ZKSCAN1 0.16199064796259185000 0 5988.00000000000000000000 1
ZMIZ1 0.19453306889712857000 0 11597.00000000000000000000 1
ZMYM2 0.22522522522522523000 0 1110.00000000000000000000 1
ZMYND11 0.18069829475971671200 0.0649167 1367.40000000000000000000 5
ZMYND8 0.46810660988498127369 0.501055 6100.43478260869565217391 23
ZNF12 0.40035614479912906000 0.329109 3568.60000000000000000000 5
ZNF143 0.48722933474309213761 0.185912 13905.52380952380952380952 21
ZNF165 0.0465519857192831000 0.00634401 986.00000000000000000000 2
ZNF207 0.36772250253227048000 0.0585492 1218.00000000000000000000 2
ZNF217 0.52304468073053342500 0.360866 5872.00000000000000000000 2
ZNF263 0.88711172684806452685 0.412496 9036.14285714285714285714 7
ZNF266 1.72185999049227078000 1.33003 681.50000000000000000000 2
ZNF274 0.15635145141446443182 0.213662 1235.58823529411764705882 17
ZNF280D 0.58278344331133770000 0 3334.00000000000000000000 1
ZNF281 1.02646342411443080000 0.71678 595.50000000000000000000 2
ZNF341 0.3536375771233331000 0.151484 4167.85714285714285714285 7
ZNF366 0.54057393145603357100 0.21781 9219.80000000000000000000 10
ZNF384 0.0718759919969117566 0.0404562 36557.00000000000000000000 3
ZNF395 1.98507462686567160000 0 268.00000000000000000000 1
ZNF486 0.16745606257079535000 0.130971 3284.00000000000000000000 3
ZNF516 0.16272189349112426000 0 338.00000000000000000000 1
ZNF532 0.42176781066462830000 0.0143092 647.50000000000000000000 2
ZNF581 0.16734279918864098000 0 986.00000000000000000000 1
ZNF639 0.21233554596259052000 0.0309663 2647.00000000000000000000 3
ZNF644 0.19091153535896746000 0 3719.00000000000000000000 1
ZNF711 1.24173438038978778000 0.612574 2817.00000000000000000000 3
ZNF750 0.19736324293761859333 0.0210516 25147.00000000000000000000 3
ZNF76 0.22055307117168755454 0.117771 4508.18181818181818181818 11
ZNF768 0.1395142365760092800 0.0305997 6314.80000000000000000000 5
ZNF83 0.47556050689319035000 0 7181.00000000000000000000 1
ZNF84 0.39698948450476655000 0.294052 3754.00000000000000000000 3
ZNF92 0.10697729704029478000 0 25239.00000000000000000000 1
ZSCAN5A 0.58624581914963135000 0.136152 424.00000000000000000000 2
ZSCAN5B 0.23177020859281937500 0.0453308 552.50000000000000000000 4
ZSCAN5D 0.35497687174098605000 0.00647824 1195.50000000000000000000 2
ZZZ3 0.1718286893815130666 0.0600646 1496.50000000000000000000 6
