H3K4me3 1.26934802516728675022 0.752989 20988.34640522875816993464 3366
H3K9K14K18K23K27ac 1.1246323881220295000 0.245499 5216.00000000000000000000 4
H3K18cr 1.05628685455545509750 0.572251 5893.75000000000000000000 8
H3K9ac 1.00812280996605756350 0.633546 16554.55437665782493368700 377
H3K5ac 0.90334023727043480000 0.0649982 30668.50000000000000000000 2
H3K9K14ac 0.87365543197763848211 0.683112 18319.21153846153846153846 52
H3K18ac 0.86109221530471635189 0.5555 17075.03750000000000000000 80
H3K27ac 0.83683411249936287149 0.497248 25042.38782816229116945107 5028
H3K14me3 0.76664952260378755000 0.171144 693.00000000000000000000 2
H3K56ac 0.7421963900518204954 0.635622 21574.04545454545454545454 22
H3K79me3 0.72536052741518160033 0.547923 4383.08888888888888888888 45
H3K4me2 0.72218286864321632495 0.552554 33549.63385826771653543307 508
H3K79me2 0.65325981148195573369 0.437228 5646.23045267489711934156 243
H3K27me1 0.6489867903345156673 1.67088 1709.73333333333333333333 15
H3K36ac 0.60465118726467823600 0.352526 16712.00000000000000000000 10
H3K79me1 0.54968660791670496230 0.630365 1985.86956521739130434782 23
H3K4ac 0.54338169393489828000 0.39713 9406.41379310344827586206 29
H3K122ac 0.54144571589857426000 0.386762 32506.14285714285714285714 14
H3K27me3 0.53991449939813377293 0.599832 4550.40151515151515151515 2112
H3K23ac 0.46564435406414827269 0.522113 3262.07692307692307692307 39
H3K14ac 0.40322860621245760897 0.339248 8166.13888888888888888888 36
H3K4me1 0.39591036707662148895 0.429292 26972.16258064516129032258 1550
H3K27me2 0.39093374800547702007 0.321535 558.28571428571428571428 14
H3K36me3 0.34150353718329670655 0.340551 3709.88765822784810126582 632
H3K4ox 0.33318232779650430500 0.00843688 33634.00000000000000000000 2
H3K9me3 0.25124573549177328310 0.285419 6533.68301886792452830188 795
H3K9me1 0.24764529891942416736 0.23198 826.44000000000000000000 25
H3K9me2 0.23177875480518500684 0.181277 1973.16279069767441860465 172
H3K36me2 0.2255077167127731303 0.31051 2200.04615384615384615384 65
H3K79suc 0.08725415085675616500 0.0711672 2049.50000000000000000000 2
H3K36me1 0.07251958129168684728 0.0281355 848.42857142857142857142 7
